$ANSIBLE_VAULT;1.1;AES256
64383433313736323933343762373638333165363333623437636661353138333934623839343266
3364633130333533376534356363326132373066616130380a393166316161343865333466356661
64303431343839356135353935303465343163323264616638623132613066316439336162623961
3465623732666464640a636430313866346535336665323335653162656263303232633066643732
36333331323831363564316336646136636263663135323432633630643736376562316639316239
61353463346535313162393662353034303834623461303637336338346433616333303430613063
33616362343533343331316137643137363732323636626138356364303062623234613032316533
38373431656663633236383865353462616466353531366130393531633563623266616337386363
66653766393463373964346531393162636537306562333763633938373536396231633266326438
65646135643763313836316230393065323161326338346636326265323561663364643538363762
61356565626236613961396533646465336135313036623933373636633137653938376234386136
65316461396336353263313335323630396434356566303963343639313665666464346231616637
35383032643231653035396639623336326661333864363138376439353231663636353061623533
62343761346633653165396166343935353062663432353866363839663235633362376633643464
356364336165363661613831396565316131
